== chat2 (chat2_trace.bin)
idle before the MoE (ms)      n   gateup p50   down p50  down mean
  [ 0.00,   0.05)    9728       390.3      263.2      263.6
  [ 0.05,    0.5)    1590       384.7      255.4      257.4
  [ 0.50,      1)     778       386.8      257.7      258.9
  [ 1.00,      2)     262       382.2      254.1      352.9
  [ 2.00,      4)     259       302.7      890.2      823.3
  [ 4.00,      8)    4034       305.4      884.5      828.0
  [ 8.00,  1e+09)    1909       524.3      733.9      691.8
== chat2_high (chat2_high_trace.bin)
idle before the MoE (ms)      n   gateup p50   down p50  down mean
  [ 0.00,   0.05)   11615       388.4      264.5      265.3
  [ 0.05,    0.5)     532       385.4      259.4      261.6
  [ 0.50,      1)     260       387.2      260.7      261.8
  [ 1.00,      2)     287       379.1      252.7      256.5
  [ 2.00,      4)     252       141.3      292.4      293.7
  [ 4.00,      8)    3822       145.7      297.7      300.2
  [ 8.00,  1e+09)    1752       216.9      293.0      296.2
