== threads 8 rep 1
ram     single    0  1024   8     1     3.315     5.674     5.166     6.722    46.023     0.0      5
patha   single    0  1024   8     1     3.529     5.328     5.167     6.534     7.450     0.0      5
== threads 1 rep 1
ram     single    0  1024   8     1     3.890     4.835     4.750     6.183     7.059     0.0      5
patha   single    0  1024   8     1     3.887     4.838     4.630     5.646    25.036     0.0      5
== threads 8 rep 2
ram     single    0  1024   8     1     3.658     5.140     5.048     6.442     7.509     0.0      5
patha   single    0  1024   8     1     3.555     5.290     5.142     6.475     7.324     0.0      5
== threads 1 rep 2
ram     single    0  1024   8     1     3.786     4.968     4.728     6.219    34.829     0.0      5
patha   single    0  1024   8     1     3.996     4.706     4.644     5.629     6.933     0.0      5
