1790655607.551 39 64
1790655608.580 39 64
1790655609.610 39 64
1790655610.637 45 64
1790655611.663 47 64
1790655612.683 47 67
1790655613.704 43 70
1790655614.722 43 71
1790655615.741 44 71
1790655616.760 44 71
1790655617.777 45 71
1790655618.839 45 71
1790655619.866 45 71
1790655620.898 45 71
1790655621.929 45 71
1790655622.964 41 71
1790655623.991 46 71
1790655625.018 49 71
1790655626.046 51 71
1790655627.063 52 71
1790655628.090 53 71
1790655629.117 53 71
1790655630.145 53 71
1790655631.172 54 71
1790655632.200 55 71
1790655633.226 55 71
1790655634.253 56 71
1790655635.280 56 71
1790655636.314 56 71
1790655637.340 56 71
1790655638.367 56 71
1790655639.394 56 71
1790655640.421 56 71
1790655641.447 56 71
1790655642.474 56 71
1790655643.500 55 71
1790655644.528 55 71
1790655645.556 55 71
1790655646.584 55 71
1790655647.610 55 71
1790655648.637 55 71
1790655649.664 54 71
1790655650.692 55 71
1790655651.721 54 71
1790655652.749 54 71
1790655653.776 53 71
1790655654.803 56 71
1790655655.829 57 71
1790655656.857 58 71
1790655657.884 59 71
1790655658.912 59 71
1790655659.940 59 71
1790655660.967 58 71
1790655661.994 57 71
1790655663.021 57 71
1790655664.049 57 71
1790655665.077 57 71
1790655666.105 55 71
1790655667.133 55 71
1790655668.160 55 71
1790655669.188 55 71
1790655670.216 55 71
1790655671.243 55 68
1790655672.272 54 68
1790655673.299 54 68
1790655674.327 54 68
1790655675.354 53 68
1790655676.382 53 68
1790655677.413 53 68
1790655678.440 53 68
1790655679.468 53 68
1790655680.497 53 68
1790655681.525 53 68
1790655682.554 53 68
1790655683.581 53 68
1790655684.608 53 68
1790655685.636 53 68
1790655686.665 52 68
1790655687.696 52 68
1790655688.725 51 68
1790655689.753 51 68
1790655690.781 53 68
1790655691.807 55 68
1790655692.835 55 68
1790655693.862 55 68
1790655694.888 56 68
1790655695.915 55 68
1790655696.945 54 68
1790655697.975 53 68
1790655699.005 53 68
1790655700.036 53 68
1790655701.066 53 68
1790655702.094 53 68
1790655703.120 52 68
1790655704.146 55 68
1790655705.173 56 68
1790655706.202 58 68
1790655707.228 59 68
1790655708.255 60 68
1790655709.282 61 68
1790655710.308 61 68
1790655711.334 61 68
1790655712.360 60 68
1790655713.389 60 68
1790655714.417 59 68
1790655715.445 59 68
1790655716.473 59 68
1790655717.501 59 68
1790655718.528 59 68
1790655719.557 57 68
1790655720.585 57 68
1790655721.614 57 68
1790655722.644 57 68
1790655723.673 56 68
1790655724.700 55 68
1790655725.728 56 68
1790655726.757 55 68
1790655727.785 55 68
1790655728.815 55 68
1790655729.843 55 68
1790655730.872 55 68
1790655731.903 54 68
1790655732.932 54 68
1790655733.962 54 68
1790655734.991 54 68
1790655736.020 54 68
1790655737.049 54 68
1790655738.077 53 68
1790655739.105 54 68
1790655740.136 54 68
1790655741.166 53 68
1790655742.194 54 68
1790655743.226 54 68
1790655744.255 53 68
1790655745.283 55 68
1790655746.313 56 68
1790655747.339 56 68
1790655748.365 55 68
1790655749.395 55 68
1790655750.423 55 68
1790655751.451 54 68
1790655752.481 54 64
1790655753.510 53 64
1790655754.540 53 64
1790655755.570 53 64
1790655756.598 53 64
1790655757.626 53 64
1790655758.654 53 64
1790655759.682 54 64
1790655760.712 53 64
1790655761.742 53 64
1790655762.771 53 64
1790655763.800 53 64
1790655764.831 53 64
1790655765.861 53 64
1790655766.892 53 64
1790655767.920 53 64
1790655768.948 53 64
1790655769.976 53 64
1790655771.004 53 64
1790655772.033 53 64
1790655773.062 53 64
1790655774.093 51 64
1790655775.123 53 64
1790655776.154 53 64
1790655777.182 53 64
1790655778.211 53 64
1790655779.239 53 64
1790655780.267 53 64
1790655781.295 53 64
1790655782.325 53 64
1790655783.357 53 64
1790655784.385 52 64
1790655785.411 55 64
1790655786.437 57 64
1790655787.463 58 64
1790655788.490 59 64
1790655789.516 60 64
1790655790.543 60 64
1790655791.571 60 64
1790655792.596 61 64
1790655793.622 62 64
1790655794.649 63 64
1790655795.675 63 64
1790655796.701 63 64
1790655797.730 63 64
1790655798.758 62 64
1790655799.786 61 64
1790655800.814 61 64
1790655801.842 61 64
1790655802.870 60 64
1790655803.898 60 64
1790655804.925 60 64
1790655805.953 59 64
1790655806.971 59 64
1790655808.000 58 64
1790655809.027 58 64
1790655810.056 57 64
1790655811.084 57 64
1790655812.111 57 64
1790655813.141 57 64
1790655814.169 56 64
1790655815.199 56 64
1790655816.229 56 64
1790655817.256 56 64
1790655818.283 57 64
1790655819.311 57 64
1790655820.336 57 64
1790655821.362 57 64
1790655822.391 57 64
1790655823.419 57 64
1790655824.448 56 64
1790655825.476 56 64
1790655826.504 55 64
1790655827.532 56 64
1790655828.561 56 64
1790655829.588 57 64
1790655830.617 57 64
1790655831.644 57 64
1790655832.672 57 64
1790655833.699 59 64
1790655834.727 58 64
1790655835.755 58 64
1790655836.784 57 64
1790655837.812 57 64
1790655838.843 57 64
1790655839.872 56 64
1790655840.901 56 64
1790655841.929 56 64
1790655842.957 56 64
1790655843.986 56 64
1790655845.015 56 64
1790655846.043 56 64
1790655847.073 56 64
1790655848.100 56 64
1790655849.129 56 64
1790655850.157 56 64
1790655851.186 57 64
1790655852.213 58 64
1790655853.239 59 64
1790655854.267 59 64
1790655855.295 59 64
1790655856.322 58 64
1790655857.349 59 64
1790655858.375 58 64
1790655859.402 58 64
1790655860.429 58 64
1790655861.456 56 64
1790655862.483 59 64
1790655863.511 60 64
1790655864.538 61 64
1790655865.564 62 64
1790655866.590 62 64
1790655867.617 63 64
1790655868.644 63 64
1790655869.669 64 64
1790655870.697 63 64
1790655871.726 61 64
1790655872.755 60 64
1790655873.783 60 64
1790655874.812 59 64
1790655875.839 59 64
1790655876.866 59 64
1790655877.896 59 64
1790655878.923 59 64
1790655879.951 58 64
1790655880.980 58 64
1790655882.008 58 64
1790655883.034 58 64
1790655884.064 57 64
1790655885.093 56 64
1790655886.122 56 64
1790655887.151 57 64
1790655888.180 56 64
1790655889.210 56 64
1790655890.238 55 64
1790655891.265 55 64
1790655892.293 55 64
1790655893.320 55 64
1790655894.349 55 64
1790655895.378 54 64
1790655896.406 53 64
1790655897.436 53 64
1790655898.464 53 64
1790655899.494 53 64
1790655900.522 53 64
1790655901.553 53 64
1790655902.582 53 64
1790655903.613 53 64
1790655904.643 53 64
1790655905.671 53 64
1790655906.700 52 64
1790655907.730 53 64
1790655908.760 52 64
1790655909.790 53 64
1790655910.820 52 64
1790655911.851 51 64
1790655912.880 51 64
1790655913.911 51 64
1790655914.940 51 64
1790655915.970 51 64
1790655916.999 51 64
1790655918.030 51 64
1790655919.060 50 64
1790655920.090 51 64
1790655921.119 50 64
1790655922.146 49 64
1790655923.173 54 64
1790655924.199 56 64
1790655925.225 56 64
1790655926.254 59 64
1790655927.281 59 64
1790655928.307 61 64
1790655929.334 61 64
1790655930.359 61 64
1790655931.385 62 64
1790655932.411 63 64
1790655933.439 61 64
1790655934.465 61 64
1790655935.492 60 64
1790655936.520 60 64
1790655937.550 60 64
1790655938.577 60 64
1790655939.605 60 64
1790655940.634 59 64
1790655941.663 59 64
1790655942.692 58 64
1790655943.718 59 64
1790655944.747 58 64
1790655945.775 57 64
1790655946.803 57 64
1790655947.831 57 64
1790655948.861 57 64
1790655949.889 57 64
1790655950.917 56 64
1790655951.945 56 64
1790655952.972 57 64
1790655954.001 57 64
1790655955.027 56 64
1790655956.054 59 64
1790655957.080 60 64
1790655958.106 61 64
1790655959.132 62 64
1790655960.158 62 64
1790655961.185 63 64
1790655962.212 63 64
1790655963.239 64 64
1790655964.265 63 64
1790655965.293 62 64
1790655966.312 60 64
1790655967.340 60 64
1790655968.368 60 64
1790655969.395 59 64
1790655970.422 59 64
1790655971.450 59 64
1790655972.477 59 64
1790655973.503 59 64
1790655974.530 59 64
1790655975.557 57 64
1790655976.586 57 64
1790655977.615 57 64
1790655978.644 56 64
1790655979.672 56 64
1790655980.700 55 64
1790655981.730 55 64
1790655982.759 55 64
1790655983.787 55 64
1790655984.818 55 64
1790655985.847 55 64
1790655986.878 55 64
1790655987.906 55 64
1790655988.935 54 64
1790655989.964 54 64
1790655990.992 55 64
1790655992.020 54 64
1790655993.049 54 64
1790655994.079 54 64
1790655995.107 53 64
1790655996.136 53 64
1790655997.165 53 64
1790655998.195 53 64
1790655999.225 53 64
1790656000.253 53 64
1790656001.285 52 64
1790656002.314 53 64
1790656003.343 53 64
1790656004.372 53 64
1790656005.400 53 64
1790656006.427 53 64
