1790654364.765 30 62
1790654365.790 30 62
1790654366.818 30 62
1790654367.844 36 62
1790654368.870 39 64
1790654369.891 35 69
1790654370.909 35 69
1790654371.926 35 70
1790654372.944 36 70
1790654373.962 36 70
1790654374.980 36 71
1790654376.010 35 71
1790654377.037 35 71
1790654378.066 34 71
1790654379.092 34 71
1790654380.119 33 70
1790654381.137 37 71
1790654382.155 40 71
1790654383.173 41 73
1790654384.191 41 74
1790654385.208 42 74
1790654386.227 43 74
1790654387.245 43 74
1790654388.264 43 74
1790654389.282 43 74
1790654390.300 43 74
1790654391.317 43 74
1790654392.334 43 74
1790654393.353 45 74
1790654394.370 46 74
1790654395.388 47 74
1790654396.407 46 74
1790654397.427 45 74
1790654398.446 45 74
1790654399.464 45 74
1790654400.482 44 74
1790654401.499 44 74
1790654402.518 44 74
1790654403.537 43 74
1790654404.556 43 74
1790654405.577 43 74
1790654406.596 43 74
1790654407.617 43 74
1790654408.639 42 74
1790654409.660 42 74
1790654410.680 42 74
1790654411.701 42 74
1790654412.721 41 74
1790654413.740 41 74
1790654414.760 41 74
1790654415.780 41 74
1790654416.800 42 74
1790654417.820 41 74
1790654418.841 41 74
1790654419.862 41 74
1790654420.881 40 74
1790654421.899 43 74
1790654422.917 43 74
1790654423.935 44 74
1790654424.955 45 74
1790654425.976 43 74
1790654426.996 43 74
1790654428.017 43 74
1790654429.040 42 74
1790654430.062 42 74
1790654431.082 41 74
1790654432.100 44 74
1790654433.118 47 74
1790654434.135 48 74
1790654435.153 49 74
1790654436.171 50 74
1790654437.190 49 74
1790654438.209 49 74
1790654439.227 49 74
1790654440.245 48 74
1790654441.262 47 74
1790654442.280 47 74
1790654443.299 47 74
1790654444.317 47 74
1790654445.337 46 74
1790654446.356 46 74
1790654447.377 46 74
1790654448.396 45 74
1790654449.417 45 74
1790654450.439 45 74
1790654451.459 45 74
1790654452.480 44 74
1790654453.501 44 74
1790654454.522 44 74
1790654455.542 45 74
1790654456.562 44 74
1790654457.582 44 74
1790654458.603 44 74
1790654459.625 44 74
1790654460.646 44 74
1790654461.667 44 74
1790654462.688 43 74
1790654463.708 45 74
1790654464.725 46 74
1790654465.745 45 74
1790654466.766 46 74
1790654467.786 45 74
1790654468.807 45 74
1790654469.827 44 74
1790654470.848 44 74
1790654471.870 44 74
1790654472.892 44 74
1790654473.913 43 74
1790654474.931 44 74
1790654475.952 44 74
1790654476.972 44 74
1790654477.991 44 74
1790654479.009 44 74
1790654480.027 43 74
1790654481.047 43 74
1790654482.067 43 74
1790654483.088 43 74
1790654484.108 44 74
1790654485.128 43 74
1790654486.148 43 74
1790654487.172 43 74
1790654488.192 43 74
1790654489.212 43 74
1790654490.231 44 74
1790654491.250 44 74
1790654492.271 43 74
1790654493.290 44 74
1790654494.311 44 74
1790654495.331 44 74
1790654496.348 44 74
1790654497.368 47 74
1790654498.387 49 74
1790654499.404 49 74
1790654500.423 51 74
1790654501.441 52 74
1790654502.458 53 74
1790654503.476 53 74
1790654504.496 54 74
1790654505.516 53 74
1790654506.535 53 74
1790654507.556 52 74
1790654508.577 51 74
1790654509.597 51 74
1790654510.620 51 74
1790654511.643 50 74
1790654512.664 49 74
1790654513.685 49 74
1790654514.706 49 74
1790654515.727 49 74
1790654516.749 48 74
1790654517.770 48 74
1790654518.791 48 74
1790654519.811 47 74
1790654520.833 49 74
1790654521.853 49 74
1790654522.875 49 74
1790654523.896 49 74
1790654524.918 49 74
1790654525.939 47 74
1790654526.961 47 74
1790654527.981 47 74
1790654529.002 47 74
1790654530.023 48 74
1790654531.044 48 74
1790654532.064 48 74
1790654533.084 49 74
1790654534.106 49 74
1790654535.127 49 74
1790654536.148 49 74
1790654537.171 48 74
1790654538.192 48 74
1790654539.214 48 74
1790654540.234 48 74
1790654541.254 48 74
1790654542.276 48 74
1790654543.297 48 74
1790654544.317 48 74
1790654545.338 48 74
1790654546.357 48 74
1790654547.378 49 74
1790654548.399 50 74
1790654549.418 50 74
1790654550.440 49 74
1790654551.462 50 74
1790654552.484 50 74
1790654553.506 49 74
1790654554.528 49 74
1790654555.546 51 74
1790654556.563 53 74
1790654557.583 53 74
1790654558.602 54 74
1790654559.623 55 74
1790654560.645 54 74
1790654561.666 53 74
1790654562.689 53 74
1790654563.711 51 74
1790654564.733 51 74
1790654565.754 51 74
1790654566.775 51 74
1790654567.798 51 74
1790654568.821 50 74
1790654569.841 50 74
1790654570.863 50 74
1790654571.885 49 74
1790654572.907 49 74
1790654573.929 49 74
1790654574.952 49 74
1790654575.973 48 74
1790654576.995 48 74
1790654578.016 48 74
1790654579.038 47 74
1790654580.060 47 74
1790654581.081 47 74
1790654582.102 46 74
1790654583.124 46 74
1790654584.147 46 74
1790654585.168 46 74
1790654586.192 45 74
1790654587.214 45 74
1790654588.237 45 74
1790654589.258 45 74
1790654590.278 45 74
1790654591.303 45 74
1790654592.324 45 74
1790654593.344 45 74
1790654594.364 45 74
1790654595.385 44 74
1790654596.404 44 74
1790654597.426 44 74
1790654598.448 45 74
1790654599.468 44 74
1790654600.486 44 74
1790654601.510 44 74
1790654602.530 44 74
1790654603.549 44 74
1790654604.568 47 74
1790654605.584 49 74
1790654606.601 51 74
1790654607.620 53 74
1790654608.639 53 74
1790654609.657 54 74
1790654610.677 54 74
1790654611.696 53 74
1790654612.714 53 74
1790654613.734 53 74
1790654614.757 53 74
1790654615.779 51 74
1790654616.800 51 74
1790654617.821 51 74
1790654618.844 51 74
1790654619.866 51 74
1790654620.887 50 74
1790654621.908 50 74
1790654622.929 49 74
1790654623.951 49 74
1790654624.975 49 74
1790654625.996 49 74
1790654627.020 49 74
1790654628.040 49 74
1790654629.059 49 74
1790654630.077 52 74
1790654631.096 53 74
1790654632.115 54 74
1790654633.135 55 74
1790654634.155 55 74
1790654635.175 54 74
1790654636.197 53 74
1790654637.218 53 74
1790654638.239 52 74
1790654639.261 51 74
1790654640.281 51 74
1790654641.312 51 74
1790654642.335 51 74
1790654643.358 50 74
1790654644.381 49 74
1790654645.401 49 74
1790654646.422 49 74
1790654647.444 49 74
1790654648.465 48 74
1790654649.486 48 74
1790654650.507 49 74
1790654651.530 48 74
1790654652.551 48 74
1790654653.572 48 74
1790654654.595 47 74
1790654655.616 48 74
1790654656.638 47 74
1790654657.660 47 74
1790654658.681 47 74
1790654659.702 47 74
1790654660.724 47 74
1790654661.747 46 74
1790654662.768 46 74
1790654663.790 47 74
1790654664.814 46 74
1790654665.836 46 74
1790654666.856 46 74
1790654667.877 46 74
1790654668.899 46 74
