1790659494.387 34 74
1790659495.420 34 65
1790659496.449 34 65
1790659497.476 40 65
1790659498.504 43 65
1790659499.524 43 70
1790659500.544 39 71
1790659501.571 39 71
1790659502.589 40 71
1790659503.608 40 71
1790659504.632 40 71
1790659505.651 40 71
1790659506.681 40 71
1790659507.715 38 71
1790659508.741 38 71
1790659509.768 37 71
1790659510.795 37 71
1790659511.814 41 71
1790659512.832 43 73
1790659513.849 45 74
1790659514.866 45 74
1790659515.884 46 74
1790659516.901 47 74
1790659517.918 47 74
1790659518.936 48 74
1790659519.955 48 74
1790659520.973 48 74
1790659521.991 49 74
1790659523.010 49 74
1790659524.027 48 74
1790659525.045 48 74
1790659526.063 48 74
1790659527.082 47 74
1790659528.099 47 74
1790659529.117 47 74
1790659530.135 47 74
1790659531.154 47 74
1790659532.172 47 74
1790659533.190 46 74
1790659534.207 49 74
1790659535.224 51 74
1790659536.240 51 74
1790659537.257 51 74
1790659538.276 50 74
1790659539.294 50 74
1790659540.312 49 74
1790659541.331 49 74
1790659542.352 49 74
1790659543.371 49 74
1790659544.390 48 74
1790659545.410 48 74
1790659546.430 48 74
1790659547.451 48 74
1790659548.472 47 74
1790659549.493 47 74
1790659550.513 47 74
1790659551.534 46 74
1790659552.556 46 74
1790659553.577 46 74
1790659554.597 46 74
1790659555.617 46 74
1790659556.637 46 74
1790659557.656 46 74
1790659558.677 46 74
1790659559.698 45 74
1790659560.720 45 74
1790659561.741 45 74
1790659562.760 47 74
1790659563.779 48 74
1790659564.798 48 74
1790659565.818 49 74
1790659566.838 48 74
1790659567.857 47 74
1790659568.877 47 74
1790659569.899 46 74
1790659570.919 47 74
1790659571.940 45 74
1790659572.960 49 74
1790659573.977 51 74
1790659574.996 53 74
1790659576.014 53 74
1790659577.033 54 74
1790659578.051 53 74
1790659579.069 53 74
1790659580.090 53 74
1790659581.110 53 74
1790659582.131 52 74
1790659583.150 51 74
1790659584.170 51 74
1790659585.189 51 74
1790659586.209 50 74
1790659587.231 50 74
1790659588.253 50 74
1790659589.274 49 74
1790659590.293 49 74
1790659591.314 49 74
1790659592.333 49 74
1790659593.354 48 74
1790659594.376 48 74
1790659595.400 48 74
1790659596.422 48 74
1790659597.445 48 74
1790659598.466 48 74
1790659599.486 48 74
1790659600.510 48 74
1790659601.531 47 74
1790659602.550 48 74
1790659603.571 48 74
1790659604.592 47 74
1790659605.614 49 74
1790659606.634 50 74
1790659607.654 49 74
1790659608.673 49 74
1790659609.693 49 74
1790659610.715 49 74
1790659611.736 48 74
1790659612.758 48 74
1790659613.780 48 74
1790659614.804 47 74
1790659615.824 47 74
1790659616.847 47 74
1790659617.867 47 74
1790659618.889 47 74
1790659619.912 47 74
1790659620.931 47 74
1790659621.952 47 74
1790659622.972 47 74
1790659623.993 47 74
1790659625.014 47 74
1790659626.035 47 74
1790659627.057 47 74
1790659628.078 47 74
1790659629.098 47 74
1790659630.119 47 74
1790659631.140 47 74
1790659632.161 47 74
1790659633.182 47 74
1790659634.203 47 74
1790659635.225 47 74
1790659636.247 47 74
1790659637.266 47 74
1790659638.283 50 74
1790659639.300 53 74
1790659640.318 53 74
1790659641.335 54 74
1790659642.355 55 74
1790659643.377 56 74
1790659644.400 57 74
1790659645.420 57 74
1790659646.442 56 74
1790659647.464 55 74
1790659648.484 55 74
1790659649.504 54 74
1790659650.526 54 74
1790659651.547 53 74
1790659652.567 53 74
1790659653.588 52 74
1790659654.609 53 74
1790659655.629 52 74
1790659656.651 51 74
1790659657.673 51 74
1790659658.693 51 74
1790659659.713 51 74
1790659660.735 51 74
1790659661.754 51 74
1790659662.774 51 74
1790659663.795 51 74
1790659664.818 51 74
1790659665.839 51 74
1790659666.863 51 74
1790659667.888 51 74
1790659668.909 51 74
1790659669.930 51 74
1790659670.949 51 74
1790659671.971 51 74
1790659672.992 52 74
1790659674.011 52 74
1790659675.032 52 74
1790659676.053 52 74
1790659677.074 51 74
1790659678.097 51 74
1790659679.118 51 74
1790659680.141 51 74
1790659681.163 51 74
1790659682.186 51 74
1790659683.207 51 74
1790659684.229 51 74
1790659685.250 51 74
1790659686.278 51 74
1790659687.299 52 74
1790659688.318 53 74
1790659689.338 53 74
1790659690.359 53 74
1790659691.379 53 74
1790659692.401 53 74
1790659693.422 53 74
1790659694.445 53 74
1790659695.465 51 74
1790659696.486 54 74
1790659697.505 55 74
1790659698.524 57 74
1790659699.543 57 74
1790659700.565 57 74
1790659701.588 57 74
1790659702.612 55 74
1790659703.635 53 74
1790659704.656 53 74
1790659705.679 53 74
1790659706.702 53 74
1790659707.724 53 74
1790659708.746 53 74
1790659709.766 53 74
1790659710.789 51 74
1790659711.811 51 74
1790659712.838 51 74
1790659713.862 51 74
1790659714.888 51 74
1790659715.909 51 74
1790659716.932 51 74
1790659717.954 50 74
1790659718.979 49 74
1790659720.002 49 74
1790659721.026 49 74
1790659722.049 49 74
1790659723.073 49 74
1790659724.095 49 74
1790659725.118 48 74
1790659726.139 49 74
1790659727.161 49 74
1790659728.183 49 74
1790659729.208 48 74
1790659730.231 48 74
1790659731.251 48 74
1790659732.273 48 74
1790659733.294 48 74
1790659734.315 47 74
1790659735.334 47 74
1790659736.353 48 74
1790659737.373 47 74
1790659738.395 47 74
1790659739.416 47 74
1790659740.435 47 74
1790659741.456 47 74
1790659742.476 47 74
1790659743.497 47 74
1790659744.517 47 74
1790659745.538 47 74
1790659746.558 46 74
1790659747.577 50 74
1790659748.597 52 74
1790659749.615 53 74
1790659750.635 55 74
1790659751.654 56 74
1790659752.673 57 74
1790659753.694 57 74
1790659754.714 56 74
1790659755.738 56 74
1790659756.759 55 74
1790659757.779 55 74
1790659758.801 54 74
1790659759.823 54 74
1790659760.848 53 74
1790659761.870 53 74
1790659762.893 53 74
1790659763.915 53 74
1790659764.937 53 74
1790659765.958 53 74
1790659766.979 52 74
1790659768.001 51 74
1790659769.024 53 74
1790659770.046 52 74
1790659771.068 51 74
1790659772.086 54 74
1790659773.106 56 74
1790659774.129 57 74
1790659775.152 57 74
1790659776.174 58 74
1790659777.193 57 74
1790659778.213 55 74
1790659779.236 55 74
1790659780.258 55 74
1790659781.287 54 74
1790659782.308 54 74
1790659783.331 54 74
1790659784.352 54 74
1790659785.373 53 74
1790659786.395 53 74
1790659787.418 52 74
1790659788.438 52 74
1790659789.459 51 74
1790659790.480 51 74
1790659791.501 51 74
1790659792.524 51 74
1790659793.548 51 74
1790659794.569 50 74
1790659795.592 51 74
1790659796.612 51 74
1790659797.633 50 74
1790659798.657 50 74
1790659799.678 50 74
1790659800.700 50 74
1790659801.723 49 74
1790659802.745 49 74
1790659803.767 49 74
1790659804.790 49 74
1790659805.814 49 74
1790659806.835 49 74
1790659807.857 49 74
1790659808.880 48 74
1790659809.903 49 74
1790659810.928 49 74
1790659811.948 48 74
