1790658798.198 30 63
1790658799.224 31 63
1790658800.254 30 63
1790658801.284 36 63
1790658802.310 38 63
1790658803.331 38 70
1790658804.351 35 71
1790658805.371 35 70
1790658806.390 36 71
1790658807.409 36 71
1790658808.441 37 71
1790658809.471 35 71
1790658810.497 35 71
1790658811.523 35 71
1790658812.550 35 71
1790658813.578 34 71
1790658814.595 38 71
1790658815.613 40 71
1790658816.632 41 73
1790658817.650 42 73
1790658818.668 43 74
1790658819.685 43 74
1790658820.702 45 74
1790658821.720 45 74
1790658822.739 45 74
1790658823.757 45 74
1790658824.775 45 74
1790658825.794 45 74
1790658826.812 45 74
1790658827.832 45 74
1790658828.850 45 74
1790658829.869 45 74
1790658830.887 44 74
1790658831.906 44 74
1790658832.924 44 74
1790658833.942 43 74
1790658834.960 44 74
1790658835.978 43 74
1790658836.995 46 74
1790658838.013 48 74
1790658839.031 49 74
1790658840.050 48 74
1790658841.070 47 74
1790658842.088 47 74
1790658843.108 47 74
1790658844.127 46 74
1790658845.145 46 74
1790658846.166 45 74
1790658847.188 45 74
1790658848.210 45 74
1790658849.232 45 74
1790658850.252 45 74
1790658851.277 45 74
1790658852.299 44 74
1790658853.321 45 74
1790658854.342 43 74
1790658855.364 43 74
1790658856.383 43 74
1790658857.402 43 74
1790658858.422 43 74
1790658859.443 43 74
1790658860.464 43 74
1790658861.485 43 74
1790658862.506 43 74
1790658863.527 43 74
1790658864.547 43 74
1790658865.566 43 74
1790658866.584 44 74
1790658867.602 45 74
1790658868.620 45 74
1790658869.640 45 74
1790658870.660 45 74
1790658871.680 45 74
1790658872.702 44 74
1790658873.723 44 74
1790658874.743 44 74
1790658875.763 43 74
1790658876.781 46 74
1790658877.800 48 74
1790658878.818 49 74
1790658879.837 51 74
1790658880.855 52 74
1790658881.874 51 74
1790658882.894 51 74
1790658883.914 50 74
1790658884.933 49 74
1790658885.954 49 74
1790658886.976 49 74
1790658887.997 49 74
1790658889.018 48 74
1790658890.041 47 74
1790658891.064 47 74
1790658892.086 47 74
1790658893.108 47 74
1790658894.129 46 74
1790658895.151 46 74
1790658896.175 46 74
1790658897.196 45 74
1790658898.218 45 74
1790658899.239 45 74
1790658900.259 46 74
1790658901.287 45 74
1790658902.309 45 74
1790658903.329 46 74
1790658904.347 45 74
1790658905.367 46 74
1790658906.386 45 74
1790658907.407 45 74
1790658908.427 46 74
1790658909.448 47 74
1790658910.467 47 74
1790658911.488 47 74
1790658912.511 47 74
1790658913.533 46 74
1790658914.554 45 74
1790658915.575 45 74
1790658916.596 45 74
1790658917.617 45 74
1790658918.637 45 74
1790658919.657 45 74
1790658920.677 46 74
1790658921.697 45 74
1790658922.717 45 74
1790658923.737 45 74
1790658924.759 45 74
1790658925.778 45 74
1790658926.799 45 74
1790658927.821 45 74
1790658928.842 45 74
1790658929.863 45 74
1790658930.884 45 74
1790658931.905 44 74
1790658932.924 45 74
1790658933.945 44 74
1790658934.965 45 74
1790658935.984 45 74
1790658937.003 45 74
1790658938.023 45 74
1790658939.043 45 74
1790658940.063 45 74
1790658941.084 44 74
1790658942.102 48 74
1790658943.121 50 74
1790658944.139 51 74
1790658945.161 53 74
1790658946.179 53 74
1790658947.198 53 74
1790658948.218 54 74
1790658949.237 55 74
1790658950.255 54 74
1790658951.274 53 74
1790658952.295 53 74
1790658953.319 53 74
1790658954.341 53 74
1790658955.362 51 74
1790658956.384 51 74
1790658957.407 50 74
1790658958.428 50 74
1790658959.450 50 74
1790658960.471 50 74
1790658961.491 49 74
1790658962.514 49 74
1790658963.535 49 74
1790658964.556 49 74
1790658965.577 49 74
1790658966.598 49 74
1790658967.621 50 74
1790658968.641 49 74
1790658969.663 49 74
1790658970.685 49 74
1790658971.707 48 74
1790658972.728 48 74
1790658973.750 49 74
1790658974.770 49 74
1790658975.790 49 74
1790658976.812 51 74
1790658977.833 50 74
1790658978.854 50 74
1790658979.877 49 74
1790658980.897 49 74
1790658981.918 49 74
1790658982.938 49 74
1790658983.959 49 74
1790658984.979 49 74
1790658986.000 49 74
1790658987.021 49 74
1790658988.043 49 74
1790658989.065 49 74
1790658990.087 49 74
1790658991.110 49 74
1790658992.132 50 74
1790658993.153 51 74
1790658994.174 51 74
1790658995.198 51 74
1790658996.221 51 74
1790658997.242 51 74
1790658998.263 51 74
1790658999.284 49 74
1790659000.304 53 74
1790659001.322 53 74
1790659002.341 55 74
1790659003.358 55 74
1790659004.377 56 74
1790659005.398 55 74
1790659006.421 53 74
1790659007.442 53 74
1790659008.462 52 74
1790659009.482 52 74
1790659010.503 52 74
1790659011.524 52 74
1790659012.545 51 74
1790659013.567 51 74
1790659014.587 51 74
1790659015.609 51 74
1790659016.632 50 74
1790659017.653 49 74
1790659018.673 50 74
1790659019.695 49 74
1790659020.717 49 74
1790659021.738 49 74
1790659022.759 49 74
1790659023.781 48 74
1790659024.802 47 74
1790659025.823 47 74
1790659026.845 47 74
1790659027.865 47 74
1790659028.887 47 74
1790659029.909 47 74
1790659030.931 46 74
1790659031.954 46 74
1790659032.976 46 74
1790659033.996 46 74
1790659035.016 46 74
1790659036.037 46 74
1790659037.057 46 74
1790659038.080 46 74
1790659039.100 46 74
1790659040.121 45 74
1790659041.141 45 74
1790659042.162 45 74
1790659043.184 45 74
1790659044.204 45 74
1790659045.226 45 74
1790659046.246 45 74
1790659047.266 45 74
1790659048.285 45 74
1790659049.302 48 74
1790659050.318 51 74
1790659051.336 52 74
1790659052.354 53 74
1790659053.373 54 74
1790659054.392 55 74
1790659055.413 55 74
1790659056.431 53 74
1790659057.452 53 74
1790659058.473 53 74
1790659059.494 53 74
1790659060.515 53 74
1790659061.539 53 74
1790659062.560 51 74
1790659063.584 52 74
1790659064.606 51 74
1790659065.627 51 74
1790659066.650 51 74
1790659067.671 50 74
1790659068.693 50 74
1790659069.715 50 74
1790659070.738 50 74
1790659071.759 50 74
1790659072.780 49 74
1790659073.798 53 74
1790659074.816 53 74
1790659075.836 55 74
1790659076.854 55 74
1790659077.874 56 74
1790659078.896 55 74
1790659079.918 54 74
1790659080.939 53 74
1790659081.959 53 74
1790659082.979 53 74
1790659084.000 52 74
1790659085.022 51 74
1790659086.042 52 74
1790659087.064 51 74
1790659088.086 51 74
1790659089.108 51 74
1790659090.129 50 74
1790659091.153 50 74
1790659092.174 49 74
1790659093.197 49 74
1790659094.218 49 74
1790659095.239 49 74
1790659096.262 49 74
1790659097.283 48 74
1790659098.306 49 74
1790659099.328 48 74
1790659100.348 49 74
1790659101.369 49 74
1790659102.390 48 74
1790659103.413 48 74
1790659104.437 48 74
1790659105.459 48 74
1790659106.481 47 74
1790659107.502 47 74
1790659108.526 47 74
1790659109.547 47 74
1790659110.569 47 74
1790659111.590 47 74
1790659112.612 47 74
1790659113.635 47 74
