1790664218.683 40 64
1790664219.709 40 64
1790664220.738 39 64
1790664221.766 45 64
1790664222.793 48 65
1790664223.814 48 70
1790664224.833 43 70
1790664225.851 43 70
1790664226.868 44 71
1790664227.886 44 71
1790664228.904 44 71
1790664229.951 44 71
1790664230.980 43 71
1790664232.006 43 71
1790664233.033 41 71
1790664234.060 41 71
1790664235.077 45 71
1790664236.094 48 73
1790664237.112 50 74
1790664238.130 51 74
1790664239.149 53 74
1790664240.166 53 74
1790664241.184 53 74
1790664242.203 53 74
1790664243.222 53 74
1790664244.240 52 74
1790664245.259 52 74
1790664246.277 51 74
1790664247.296 51 74
1790664248.316 51 74
1790664249.336 51 74
1790664250.355 50 74
1790664251.372 50 74
1790664252.393 49 74
1790664253.413 50 74
1790664254.432 49 74
1790664255.451 49 74
1790664256.471 49 74
1790664257.493 49 74
1790664258.514 48 74
1790664259.535 48 74
1790664260.556 48 74
1790664261.576 47 74
1790664262.595 48 74
1790664263.615 48 74
1790664264.635 47 74
1790664265.656 47 74
1790664266.676 47 74
1790664267.695 46 74
1790664268.712 49 74
1790664269.730 49 74
1790664270.748 50 74
1790664271.768 49 74
1790664272.789 49 74
1790664273.810 49 74
1790664274.831 48 74
1790664275.851 47 74
1790664276.873 47 74
1790664277.893 47 74
1790664278.910 50 74
1790664279.926 53 74
1790664280.945 53 74
1790664281.963 54 74
1790664282.983 55 74
1790664284.004 54 74
1790664285.025 54 74
1790664286.046 54 74
1790664287.067 53 74
1790664288.090 53 74
1790664289.110 53 74
1790664290.131 52 74
1790664291.153 52 74
1790664292.174 51 74
1790664293.195 51 74
1790664294.217 50 74
1790664295.239 50 74
1790664296.260 50 74
1790664297.282 50 74
1790664298.304 49 74
1790664299.326 49 74
1790664300.346 49 74
1790664301.367 49 74
1790664302.388 49 74
1790664303.408 49 74
1790664304.428 49 74
1790664305.448 49 74
1790664306.469 49 74
1790664307.490 49 74
1790664308.511 49 74
1790664309.532 49 74
1790664310.554 48 74
1790664311.573 50 74
1790664312.592 50 74
1790664313.613 49 74
1790664314.634 50 74
1790664315.655 49 74
1790664316.676 49 74
1790664317.697 48 74
1790664318.717 48 74
1790664319.738 48 74
1790664320.759 48 74
1790664321.779 48 74
1790664322.801 49 74
1790664323.823 47 74
1790664324.845 48 74
1790664325.866 48 74
1790664326.887 48 74
1790664327.908 48 74
1790664328.928 47 74
1790664329.949 47 74
1790664330.970 47 74
1790664331.989 47 74
1790664333.009 48 74
1790664334.031 47 74
1790664335.052 47 74
1790664336.074 47 74
1790664337.095 47 74
1790664338.116 47 74
1790664339.139 47 74
1790664340.160 48 74
1790664341.179 48 74
1790664342.200 48 74
1790664343.222 47 74
1790664344.242 47 74
1790664345.259 50 74
1790664346.286 52 74
1790664347.307 53 74
1790664348.328 54 74
1790664349.348 55 74
1790664350.366 56 74
1790664351.386 57 74
1790664352.406 57 74
1790664353.425 56 74
1790664354.445 55 74
1790664355.466 55 74
1790664356.487 54 74
1790664357.508 54 74
1790664358.530 53 74
1790664359.552 53 74
1790664360.574 53 74
1790664361.598 52 74
1790664362.620 53 74
1790664363.643 51 74
1790664364.664 51 74
1790664365.686 51 74
1790664366.706 51 74
1790664367.726 51 74
1790664368.746 51 74
1790664369.767 51 74
1790664370.789 52 74
1790664371.811 51 74
1790664372.833 51 74
1790664373.855 51 74
1790664374.875 50 74
1790664375.896 50 74
1790664376.916 51 74
1790664377.938 51 74
1790664378.959 51 74
1790664379.978 52 74
1790664381.000 52 74
1790664382.021 52 74
1790664383.044 51 74
1790664384.065 52 74
1790664385.088 51 74
1790664386.109 51 74
1790664387.131 51 74
1790664388.154 51 74
1790664389.176 51 74
1790664390.198 51 74
1790664391.220 51 74
1790664392.241 51 74
1790664393.261 51 74
1790664394.282 51 74
1790664395.303 52 74
1790664396.322 53 74
1790664397.343 53 74
1790664398.364 53 74
1790664399.387 53 74
1790664400.408 53 74
1790664401.427 53 74
1790664402.448 51 74
1790664403.466 54 74
1790664404.486 55 74
1790664405.503 56 74
1790664406.531 56 74
1790664407.553 57 74
1790664408.572 56 74
1790664409.594 55 74
1790664410.615 54 74
1790664411.638 53 74
1790664412.663 54 74
1790664413.685 53 74
1790664414.707 53 74
1790664415.727 53 74
1790664416.750 53 74
1790664417.773 53 74
1790664418.795 52 74
1790664419.816 51 74
1790664420.837 51 74
1790664421.858 51 74
1790664422.881 51 74
1790664423.902 50 74
1790664424.925 50 74
1790664425.950 50 74
1790664426.973 50 74
1790664427.997 49 74
1790664429.019 49 74
1790664430.040 49 74
1790664431.062 49 74
1790664432.083 49 74
1790664433.107 48 74
1790664434.128 48 74
1790664435.149 48 74
1790664436.171 48 74
1790664437.192 48 74
1790664438.215 48 74
1790664439.236 48 74
1790664440.257 47 74
1790664441.287 47 74
1790664442.309 47 74
1790664443.331 47 74
1790664444.353 47 74
1790664445.372 47 74
1790664446.393 47 74
1790664447.414 47 74
1790664448.436 47 74
1790664449.457 47 74
1790664450.476 46 74
1790664451.495 46 74
1790664452.514 49 74
1790664453.534 53 74
1790664454.553 53 74
1790664455.573 54 74
1790664456.593 55 74
1790664457.615 56 74
1790664458.635 56 74
1790664459.655 55 74
1790664460.675 55 74
1790664461.695 55 74
1790664462.716 55 74
1790664463.738 53 74
1790664464.759 53 74
1790664465.781 53 74
1790664466.801 53 74
1790664467.822 53 74
1790664468.843 53 74
1790664469.866 52 74
1790664470.887 52 74
1790664471.910 51 74
1790664472.931 51 74
1790664473.953 51 74
1790664474.973 51 74
1790664475.994 51 74
1790664477.013 54 74
1790664478.031 55 74
1790664479.051 56 74
1790664480.071 57 74
1790664481.092 57 74
1790664482.112 56 74
1790664483.133 55 74
1790664484.154 55 74
1790664485.176 54 74
1790664486.197 54 74
1790664487.218 53 74
1790664488.239 53 74
1790664489.258 53 74
1790664490.278 53 74
1790664491.299 53 74
1790664492.321 52 74
1790664493.342 52 74
1790664494.365 51 74
1790664495.385 51 74
1790664496.405 50 74
1790664497.426 50 74
1790664498.449 51 74
1790664499.472 50 74
1790664500.493 50 74
1790664501.512 50 74
1790664502.533 50 74
1790664503.555 50 74
1790664504.577 50 74
1790664505.599 49 74
1790664506.619 49 74
1790664507.642 49 74
1790664508.664 49 74
1790664509.686 48 74
1790664510.709 48 74
1790664511.731 49 74
1790664512.752 48 74
1790664513.776 48 74
1790664514.799 48 74
1790664515.823 48 74
1790664516.845 48 74
